	26	28	30	32	34	36	38	40	42	44	46	48	50	52	54	56	58	60	62	64	66	68	70	72	74	76	78	80	82	84	86	88	90	92	94	96	98	100	102	104
gut_1	1.0	2.0	0.0	1.0	1.0	0.0	1.0	2.0	1.0	4.0	1.0	1.0	2.0	1.0	3.0	8.0	9.0	13.0	16.0	13.0	23.0	25.0	36.0	47.0	42.0	41.0	43.0	52.0	70.0	54.0	55.0	59.0	67.0	62.0	77.0	62.0	84.0	88.0	284.0	1580.0
	22	24	26	28	30	32	34	36	38	40	42	44	46	48	50	52	54	56	58	60	62	64	66	68	70	72	74	76	78	80	82	84	86	88	90	92	94	96	98	100	102	104
gut_2	1.0	1.0	0.0	0.0	1.0	2.0	2.0	0.0	1.0	1.0	3.0	4.0	1.0	2.0	1.0	1.0	6.0	5.0	9.0	13.0	16.0	12.0	21.0	26.0	34.0	45.0	39.0	45.0	44.0	57.0	68.0	62.0	55.0	58.0	63.0	68.0	76.0	68.0	85.0	81.0	265.0	1589.0
	26	28	30	32	34	36	38	40	42	44	46	48	50	52	54	56	58	60	62	64	66	68	70	72	74	76	78	80	82	84	86	88	90	92	94	96	98	100	102	104
liver_1	1.0	2.0	0.0	1.0	1.0	0.0	1.0	2.0	1.0	4.0	1.0	1.0	2.0	1.0	3.0	8.0	9.0	13.0	16.0	13.0	23.0	25.0	36.0	47.0	42.0	41.0	43.0	52.0	70.0	54.0	55.0	59.0	67.0	62.0	77.0	62.0	84.0	88.0	284.0	1580.0
	22	24	26	28	30	32	34	36	38	40	42	44	46	48	50	52	54	56	58	60	62	64	66	68	70	72	74	76	78	80	82	84	86	88	90	92	94	96	98	100	102	104
liver_2	1.0	1.0	0.0	0.0	1.0	2.0	2.0	0.0	1.0	1.0	3.0	4.0	1.0	2.0	1.0	1.0	6.0	5.0	9.0	13.0	16.0	12.0	21.0	26.0	34.0	45.0	39.0	45.0	44.0	57.0	68.0	62.0	55.0	58.0	63.0	68.0	76.0	68.0	85.0	81.0	265.0	1589.0
	26	28	30	32	34	36	38	40	42	44	46	48	50	52	54	56	58	60	62	64	66	68	70	72	74	76	78	80	82	84	86	88	90	92	94	96	98	100	102	104
lung_1	1.0	2.0	0.0	1.0	1.0	0.0	1.0	2.0	1.0	4.0	1.0	1.0	2.0	1.0	3.0	8.0	9.0	13.0	16.0	13.0	23.0	25.0	36.0	47.0	42.0	41.0	43.0	52.0	70.0	54.0	55.0	59.0	67.0	62.0	77.0	62.0	84.0	88.0	284.0	1580.0
	22	24	26	28	30	32	34	36	38	40	42	44	46	48	50	52	54	56	58	60	62	64	66	68	70	72	74	76	78	80	82	84	86	88	90	92	94	96	98	100	102	104
lung_2	1.0	1.0	0.0	0.0	1.0	2.0	2.0	0.0	1.0	1.0	3.0	4.0	1.0	2.0	1.0	1.0	6.0	5.0	9.0	13.0	16.0	12.0	21.0	26.0	34.0	45.0	39.0	45.0	44.0	57.0	68.0	62.0	55.0	58.0	63.0	68.0	76.0	68.0	85.0	81.0	265.0	1589.0

