	1	2	3	4	5	6	7	8	9	10	11	12	13	14	15	16	17	18	19	20	21	22	23	24	25	26	27	28	29	30	31	32	33	34	35	36	37	38	39	40	41	42	43	44	45	46	47	48	49	50	51	56	105
gut_1 - Adapter 1	492	175	91	35	37	44	24	34	23	33	34	38	20	25	32	30	28	32	18	26	25	28	34	30	20	24	16	21	20	15	22	24	18	15	18	12	11	9	8	7	5	7	6	4	9	6	2	3	2	2	1	1	1
	1	2	3	4	5	6	7	8	9	10	11	12	13	14	15	16	17	18	19	20	21	22	23	24	25	26	27	28	29	30	31	32	33	34	35	36	37	38	39	40	41	42	43	44	45	46	47	48	49	50	51	56
gut_2 - Adapter 1	492	176	75	30	34	40	28	30	33	36	34	34	25	27	35	30	25	26	21	29	19	31	34	31	17	24	20	23	21	33	9	24	14	13	15	10	12	10	6	5	6	7	8	3	6	7	2	3	2	1	1	1
	1	2	3	4	5	6	7	8	9	10	11	12	13	14	15	16	17	18	19	20	21	22	23	24	25	26	27	28	29	30	31	32	33	34	35	36	37	38	39	40	41	42	43	44	45	46	47	48	49	50	51	56	105
liver_1 - Adapter 1	492	175	91	35	37	44	24	34	23	33	34	38	20	25	32	30	28	32	18	26	25	28	34	30	20	24	16	21	20	15	22	24	18	15	18	12	11	9	8	7	5	7	6	4	9	6	2	3	2	2	1	1	1
	1	2	3	4	5	6	7	8	9	10	11	12	13	14	15	16	17	18	19	20	21	22	23	24	25	26	27	28	29	30	31	32	33	34	35	36	37	38	39	40	41	42	43	44	45	46	47	48	49	50	51	56
liver_2 - Adapter 1	492	176	75	30	34	40	28	30	33	36	34	34	25	27	35	30	25	26	21	29	19	31	34	31	17	24	20	23	21	33	9	24	14	13	15	10	12	10	6	5	6	7	8	3	6	7	2	3	2	1	1	1
	1	2	3	4	5	6	7	8	9	10	11	12	13	14	15	16	17	18	19	20	21	22	23	24	25	26	27	28	29	30	31	32	33	34	35	36	37	38	39	40	41	42	43	44	45	46	47	48	49	50	51	56	105
lung_1 - Adapter 1	492	175	91	35	37	44	24	34	23	33	34	38	20	25	32	30	28	32	18	26	25	28	34	30	20	24	16	21	20	15	22	24	18	15	18	12	11	9	8	7	5	7	6	4	9	6	2	3	2	2	1	1	1
	1	2	3	4	5	6	7	8	9	10	11	12	13	14	15	16	17	18	19	20	21	22	23	24	25	26	27	28	29	30	31	32	33	34	35	36	37	38	39	40	41	42	43	44	45	46	47	48	49	50	51	56
lung_2 - Adapter 1	492	176	75	30	34	40	28	30	33	36	34	34	25	27	35	30	25	26	21	29	19	31	34	31	17	24	20	23	21	33	9	24	14	13	15	10	12	10	6	5	6	7	8	3	6	7	2	3	2	1	1	1

