	1	2	3	4	5	6	7	8	9	10	11	12	13	14	15	16	17	18	19	20	21	22	23	24	25	26	27	28	29	30	31	32	33	34	35	36	37	38	39	40	41	42	43	44	45	46	47	48	49	50	51	56	105
gut_1 - Adapter 1	0.6701171342958322	0.9531590413943355	1.9825708061002179	3.0434782608695654	12.758620689655173	62.85714285714286	120.0	34.0	23.0	33.0	34.0	38.0	20.0	25.0	32.0	30.0	28.0	32.0	18.0	26.0	25.0	28.0	34.0	30.0	20.0	24.0	16.0	21.0	20.0	15.0	22.0	24.0	18.0	15.0	18.0	12.0	11.0	9.0	8.0	7.0	5.0	7.0	6.0	4.0	9.0	6.0	2.0	3.0	2.0	2.0	1.0	1.0	1.0
	1	2	3	4	5	6	7	8	9	10	11	12	13	14	15	16	17	18	19	20	21	22	23	24	25	26	27	28	29	30	31	32	33	34	35	36	37	38	39	40	41	42	43	44	45	46	47	48	49	50	51	56
gut_2 - Adapter 1	0.6701171342958322	0.9586056644880174	1.6339869281045751	2.608695652173913	11.724137931034484	57.142857142857146	140.0	30.0	33.0	36.0	34.0	34.0	25.0	27.0	35.0	30.0	25.0	26.0	21.0	29.0	19.0	31.0	34.0	31.0	17.0	24.0	20.0	23.0	21.0	33.0	9.0	24.0	14.0	13.0	15.0	10.0	12.0	10.0	6.0	5.0	6.0	7.0	8.0	3.0	6.0	7.0	2.0	3.0	2.0	1.0	1.0	1.0
	1	2	3	4	5	6	7	8	9	10	11	12	13	14	15	16	17	18	19	20	21	22	23	24	25	26	27	28	29	30	31	32	33	34	35	36	37	38	39	40	41	42	43	44	45	46	47	48	49	50	51	56	105
liver_1 - Adapter 1	0.6701171342958322	0.9531590413943355	1.9825708061002179	3.0434782608695654	12.758620689655173	62.85714285714286	120.0	34.0	23.0	33.0	34.0	38.0	20.0	25.0	32.0	30.0	28.0	32.0	18.0	26.0	25.0	28.0	34.0	30.0	20.0	24.0	16.0	21.0	20.0	15.0	22.0	24.0	18.0	15.0	18.0	12.0	11.0	9.0	8.0	7.0	5.0	7.0	6.0	4.0	9.0	6.0	2.0	3.0	2.0	2.0	1.0	1.0	1.0
	1	2	3	4	5	6	7	8	9	10	11	12	13	14	15	16	17	18	19	20	21	22	23	24	25	26	27	28	29	30	31	32	33	34	35	36	37	38	39	40	41	42	43	44	45	46	47	48	49	50	51	56
liver_2 - Adapter 1	0.6701171342958322	0.9586056644880174	1.6339869281045751	2.608695652173913	11.724137931034484	57.142857142857146	140.0	30.0	33.0	36.0	34.0	34.0	25.0	27.0	35.0	30.0	25.0	26.0	21.0	29.0	19.0	31.0	34.0	31.0	17.0	24.0	20.0	23.0	21.0	33.0	9.0	24.0	14.0	13.0	15.0	10.0	12.0	10.0	6.0	5.0	6.0	7.0	8.0	3.0	6.0	7.0	2.0	3.0	2.0	1.0	1.0	1.0
	1	2	3	4	5	6	7	8	9	10	11	12	13	14	15	16	17	18	19	20	21	22	23	24	25	26	27	28	29	30	31	32	33	34	35	36	37	38	39	40	41	42	43	44	45	46	47	48	49	50	51	56	105
lung_1 - Adapter 1	0.6701171342958322	0.9531590413943355	1.9825708061002179	3.0434782608695654	12.758620689655173	62.85714285714286	120.0	34.0	23.0	33.0	34.0	38.0	20.0	25.0	32.0	30.0	28.0	32.0	18.0	26.0	25.0	28.0	34.0	30.0	20.0	24.0	16.0	21.0	20.0	15.0	22.0	24.0	18.0	15.0	18.0	12.0	11.0	9.0	8.0	7.0	5.0	7.0	6.0	4.0	9.0	6.0	2.0	3.0	2.0	2.0	1.0	1.0	1.0
	1	2	3	4	5	6	7	8	9	10	11	12	13	14	15	16	17	18	19	20	21	22	23	24	25	26	27	28	29	30	31	32	33	34	35	36	37	38	39	40	41	42	43	44	45	46	47	48	49	50	51	56
lung_2 - Adapter 1	0.6701171342958322	0.9586056644880174	1.6339869281045751	2.608695652173913	11.724137931034484	57.142857142857146	140.0	30.0	33.0	36.0	34.0	34.0	25.0	27.0	35.0	30.0	25.0	26.0	21.0	29.0	19.0	31.0	34.0	31.0	17.0	24.0	20.0	23.0	21.0	33.0	9.0	24.0	14.0	13.0	15.0	10.0	12.0	10.0	6.0	5.0	6.0	7.0	8.0	3.0	6.0	7.0	2.0	3.0	2.0	1.0	1.0	1.0

