	23.0	24.0	25.0	26.0	27.0	28.0	29.0	30.0	31.0	32.0	33.0	34.0	35.0	36.0	37.0	38.0	39.0	40.0
gut_1	1.0	3.0	6.0	14.0	19.0	35.0	35.0	57.0	58.0	91.0	104.0	148.0	180.0	341.0	634.0	809.0	376.0	20.0
	21.0	22.0	23.0	24.0	25.0	26.0	27.0	28.0	29.0	30.0	31.0	32.0	33.0	34.0	35.0	36.0	37.0	38.0	39.0	40.0
gut_2	1.0	2.0	6.0	9.0	16.0	18.0	21.0	28.0	46.0	45.0	72.0	87.0	110.0	136.0	216.0	340.0	591.0	799.0	360.0	28.0
	23.0	24.0	25.0	26.0	27.0	28.0	29.0	30.0	31.0	32.0	33.0	34.0	35.0	36.0	37.0	38.0	39.0	40.0
liver_1	1.0	3.0	6.0	14.0	19.0	35.0	35.0	57.0	58.0	91.0	104.0	148.0	180.0	341.0	634.0	809.0	376.0	20.0
	21.0	22.0	23.0	24.0	25.0	26.0	27.0	28.0	29.0	30.0	31.0	32.0	33.0	34.0	35.0	36.0	37.0	38.0	39.0	40.0
liver_2	1.0	2.0	6.0	9.0	16.0	18.0	21.0	28.0	46.0	45.0	72.0	87.0	110.0	136.0	216.0	340.0	591.0	799.0	360.0	28.0
	23.0	24.0	25.0	26.0	27.0	28.0	29.0	30.0	31.0	32.0	33.0	34.0	35.0	36.0	37.0	38.0	39.0	40.0
lung_1	1.0	3.0	6.0	14.0	19.0	35.0	35.0	57.0	58.0	91.0	104.0	148.0	180.0	341.0	634.0	809.0	376.0	20.0
	21.0	22.0	23.0	24.0	25.0	26.0	27.0	28.0	29.0	30.0	31.0	32.0	33.0	34.0	35.0	36.0	37.0	38.0	39.0	40.0
lung_2	1.0	2.0	6.0	9.0	16.0	18.0	21.0	28.0	46.0	45.0	72.0	87.0	110.0	136.0	216.0	340.0	591.0	799.0	360.0	28.0

