	8.0	9.0	10.0	11.0	12.0	13.0	14.0	15.0	16.0	17.0	18.0	19.0	20.0	21.0	22.0	23.0	24.0	25.0	26.0	27.0	28.0	29.0	30.0	31.0	32.0	33.0	34.0	35.0	36.0	37.0	38.0	39.0
gut_1	2.0	1.0	0.0	0.0	1.0	4.0	4.0	1.0	5.0	2.0	2.0	2.0	3.0	3.0	7.0	6.0	13.0	11.0	19.0	25.0	31.0	37.0	58.0	60.0	90.0	111.0	139.0	201.0	387.0	682.0	859.0	171.0
	2.0	3.0	4.0	5.0	6.0	7.0	8.0	9.0	10.0	11.0	12.0	13.0	14.0	15.0	16.0	17.0	18.0	19.0	20.0	21.0	22.0	23.0	24.0	25.0	26.0	27.0	28.0	29.0	30.0	31.0	32.0	33.0	34.0	35.0	36.0	37.0	38.0	39.0
gut_2	2.0	1.0	0.0	1.0	2.0	0.0	1.0	0.0	2.0	5.0	2.0	3.0	3.0	4.0	1.0	5.0	1.0	4.0	9.0	6.0	5.0	8.0	7.0	21.0	20.0	33.0	29.0	49.0	42.0	83.0	84.0	116.0	133.0	219.0	381.0	675.0	813.0	167.0
	8.0	9.0	10.0	11.0	12.0	13.0	14.0	15.0	16.0	17.0	18.0	19.0	20.0	21.0	22.0	23.0	24.0	25.0	26.0	27.0	28.0	29.0	30.0	31.0	32.0	33.0	34.0	35.0	36.0	37.0	38.0	39.0
liver_1	2.0	1.0	0.0	0.0	1.0	4.0	4.0	1.0	5.0	2.0	2.0	2.0	3.0	3.0	7.0	6.0	13.0	11.0	19.0	25.0	31.0	37.0	58.0	60.0	90.0	111.0	139.0	201.0	387.0	682.0	859.0	171.0
	2.0	3.0	4.0	5.0	6.0	7.0	8.0	9.0	10.0	11.0	12.0	13.0	14.0	15.0	16.0	17.0	18.0	19.0	20.0	21.0	22.0	23.0	24.0	25.0	26.0	27.0	28.0	29.0	30.0	31.0	32.0	33.0	34.0	35.0	36.0	37.0	38.0	39.0
liver_2	2.0	1.0	0.0	1.0	2.0	0.0	1.0	0.0	2.0	5.0	2.0	3.0	3.0	4.0	1.0	5.0	1.0	4.0	9.0	6.0	5.0	8.0	7.0	21.0	20.0	33.0	29.0	49.0	42.0	83.0	84.0	116.0	133.0	219.0	381.0	675.0	813.0	167.0
	8.0	9.0	10.0	11.0	12.0	13.0	14.0	15.0	16.0	17.0	18.0	19.0	20.0	21.0	22.0	23.0	24.0	25.0	26.0	27.0	28.0	29.0	30.0	31.0	32.0	33.0	34.0	35.0	36.0	37.0	38.0	39.0
lung_1	2.0	1.0	0.0	0.0	1.0	4.0	4.0	1.0	5.0	2.0	2.0	2.0	3.0	3.0	7.0	6.0	13.0	11.0	19.0	25.0	31.0	37.0	58.0	60.0	90.0	111.0	139.0	201.0	387.0	682.0	859.0	171.0
	2.0	3.0	4.0	5.0	6.0	7.0	8.0	9.0	10.0	11.0	12.0	13.0	14.0	15.0	16.0	17.0	18.0	19.0	20.0	21.0	22.0	23.0	24.0	25.0	26.0	27.0	28.0	29.0	30.0	31.0	32.0	33.0	34.0	35.0	36.0	37.0	38.0	39.0
lung_2	2.0	1.0	0.0	1.0	2.0	0.0	1.0	0.0	2.0	5.0	2.0	3.0	3.0	4.0	1.0	5.0	1.0	4.0	9.0	6.0	5.0	8.0	7.0	21.0	20.0	33.0	29.0	49.0	42.0	83.0	84.0	116.0	133.0	219.0	381.0	675.0	813.0	167.0

